ARRIVAL_REQUEST_@TIME,SLICE_BW_REQUEST,SLICE_KILL_@TIME
0.191,5.0,2.191
0.207,20.0,11.207
0.279,5.0,2.279
0.304,8.0,10.304
0.361,14.0,2.361
0.399,8.0,11.399
0.403,2.0,10.403
0.633,2.0,9.633
0.684,14.0,10.684
0.703,30.0,10.703
0.73,5.0,3.73
0.897,14.0,5.897
0.911,2.0,12.911
0.925,14.0,5.925
0.938,14.0,1.938
0.948,14.0,6.948
1.088,8.0,14.088
1.171,5.0,2.171
1.221,14.0,3.221
1.249,20.0,7.249
1.346,30.0,10.346
1.476,8.0,9.476
1.494,8.0,6.494
1.512,14.0,5.512
1.698,14.0,8.698
1.764,14.0,8.764
1.795,8.0,11.795
1.879,14.0,8.879
2.041,30.0,7.041
2.07,30.0,11.07
2.09,8.0,7.09
2.211,30.0,7.211
2.301,5.0,3.301
2.434,30.0,11.434
2.456,14.0,6.456
2.524,2.0,8.524
2.563,8.0,15.563
2.745,30.0,11.745
2.781,30.0,15.781
2.84,14.0,6.84
2.887,5.0,5.887
3.016,5.0,5.016
3.211,8.0,11.211
3.258,8.0,15.258
3.471,20.0,14.471
3.55,8.0,15.55
3.639,14.0,7.639
3.65,5.0,10.65
3.659,20.0,11.659
3.68,2.0,18.68
3.747,20.0,16.747
3.857,5.0,5.857
3.917,8.0,15.917
4.099,5.0,7.099
4.105,8.0,21.105
4.403,20.0,10.403
4.452,20.0,8.452
4.455,5.0,6.455
4.49,2.0,13.49
4.594,14.0,12.594
4.628,14.0,9.628
4.705,14.0,7.705
4.775,14.0,8.775
4.825,8.0,14.825
4.914,8.0,14.914
4.934,14.0,9.934
5.093,2.0,13.093
5.129,5.0,7.129
5.148,2.0,15.148
5.309,2.0,15.309
5.452,5.0,11.452
5.456,14.0,6.456
5.508,20.0,12.508
5.662,2.0,10.662
5.761,20.0,14.761
5.794,14.0,11.794
5.811,20.0,13.811
5.856,8.0,12.856
5.969,5.0,8.969
6.091,20.0,14.091
6.138,5.0,8.138
6.163,5.0,7.163
6.165,14.0,10.165
6.22,14.0,9.22
6.308,2.0,12.308
6.405,2.0,15.405
6.525,2.0,15.525
6.667,2.0,20.667
6.679,5.0,8.679
6.768,2.0,22.768
6.779,8.0,10.779
6.856,2.0,15.856
6.968,14.0,12.968
6.975,30.0,10.975
7.022,8.0,17.022
7.108,14.0,10.108
7.129,5.0,12.129
7.271,14.0,8.271
7.272,14.0,9.272
7.392,30.0,18.392
